190
Wuhan/Hu-1/2019            0.0000000 0.0000672 0.0004506 0.0004403 0.0004391 0.0005044 0.0004419 0.0004376 0.0003364 0.0004811 0.0005224 0.0004397 0.0004038 0.0004736 0.0005717 0.0005955 0.0006191 0.0005413 0.0005413 0.0005753 0.0006092 0.0006800 0.0005081 0.0004059 0.0005054 0.0005739 0.0005720 0.0005720 0.0006730 0.0006779 0.0006393 0.0006056 0.0006440 0.0005740 0.0006056 0.0006448 0.0006733 0.0005842 0.0006115 0.0006794 0.0006198 0.0005721 0.0005721 0.0008106 0.0007740 0.0006730 0.0005762 0.0005815 0.0006462 0.0006078 0.0006440 0.0007407 0.0006309 0.0006115 0.0006098 0.0006095 0.0005751 0.0005044 0.0006766 0.0006090 0.0005581 0.0006126 0.0005382 0.0005734 0.0005415 0.0006391 0.0005045 0.0006391 0.0008105 0.0006165 0.0005398 0.0005720 0.0005383 0.0006068 0.0005725 0.0005762 0.0006393 0.0005840 0.0005752 0.0004710 0.0005383 0.0005115 0.0005047 0.0003410 0.0003389 0.0006078 0.0004745 0.0005720 0.0006062 0.0006748 0.0006753 0.0005751 0.0006053 0.0006058 0.0006435 0.0005084 0.0004745 0.0004714 0.0004785 0.0006062 0.0006748 0.0004776 0.0005047 0.0005751 0.0005737 0.0005720 0.0005864 0.0004707 0.0005053 0.0005844 0.0006056 0.0005740 0.0005723 0.0005720 0.0006460 0.0006730 0.0006442 0.0005058 0.0005048 0.0005407 0.0007399 0.0005511 0.0005525 0.0005752 0.0005178 0.0005719 0.0007104 0.0008017 0.0007446 0.0005372 0.0005072 0.0006814 0.0007403 0.0007503 0.0007905 0.0007468 0.0005145 0.0005519 0.0006781 0.0006058 0.0005383 0.0005472 0.0006120 0.0006445 0.0006737 0.0007222 0.0007813 0.0005759 0.0006126 0.0003386 0.0003522 0.0003728 0.0003728 0.0004067 0.0004710 0.0003788 0.0005720 0.0004037 0.0004374 0.0004099 0.0003703 0.0005486 0.0004710 0.0004745 0.0007244 0.0005762 0.0006056 0.0005416 0.0005720 0.0005720 0.0007066 0.0006732 0.0006539 0.0007429 0.0006730 0.0004789 0.0006172 0.0005115 0.0005170 0.0005047 0.0005383 0.0005383 0.0005383 0.0005084 0.0005720 0.0006421 0.0005158 0.0007859 0.0006859 0.0006504 
Wuhan/WH01/2019            0.0000672 0.0000000 0.0005199 0.0005081 0.0005067 0.0005716 0.0005099 0.0005049 0.0004037 0.0005498 0.0005572 0.0004736 0.0004711 0.0005074 0.0006390 0.0006306 0.0006535 0.0005751 0.0005751 0.0006092 0.0006430 0.0007140 0.0005420 0.0004398 0.0005728 0.0006415 0.0006393 0.0006393 0.0007403 0.0007458 0.0007066 0.0006730 0.0007118 0.0006415 0.0006730 0.0007127 0.0007407 0.0006530 0.0006795 0.0007473 0.0006887 0.0006394 0.0006394 0.0008782 0.0008413 0.0007403 0.0006440 0.0006499 0.0007143 0.0006753 0.0007118 0.0008081 0.0006660 0.0006455 0.0006437 0.0006434 0.0006090 0.0005717 0.0007105 0.0006428 0.0005930 0.0006466 0.0006055 0.0006408 0.0005753 0.0007064 0.0005718 0.0007065 0.0008780 0.0006850 0.0006072 0.0006393 0.0006056 0.0006742 0.0006399 0.0006440 0.0007066 0.0006527 0.0006429 0.0005383 0.0006056 0.0005798 0.0005720 0.0004092 0.0004067 0.0006753 0.0005423 0.0006393 0.0006736 0.0007423 0.0007429 0.0006090 0.0006726 0.0006732 0.0007113 0.0005762 0.0005423 0.0005388 0.0005469 0.0006736 0.0007423 0.0005458 0.0005720 0.0006428 0.0006412 0.0006393 0.0006554 0.0005380 0.0005727 0.0006531 0.0006730 0.0006415 0.0006396 0.0006393 0.0007140 0.0007403 0.0007121 0.0005733 0.0005721 0.0006083 0.0008072 0.0005855 0.0005870 0.0006091 0.0005523 0.0006392 0.0007443 0.0008366 0.0007784 0.0005730 0.0005748 0.0007155 0.0008076 0.0008186 0.0008593 0.0008147 0.0005831 0.0006209 0.0007459 0.0006731 0.0005720 0.0006157 0.0006800 0.0007123 0.0007411 0.0007911 0.0008492 0.0006479 0.0006807 0.0004063 0.0003875 0.0004406 0.0004406 0.0004745 0.0005383 0.0004133 0.0006393 0.0004710 0.0005047 0.0004782 0.0004376 0.0006172 0.0005383 0.0005423 0.0007934 0.0006440 0.0006730 0.0006093 0.0006393 0.0006393 0.0007740 0.0007406 0.0007227 0.0008105 0.0007403 0.0005473 0.0006858 0.0005798 0.0005860 0.0005720 0.0006056 0.0006056 0.0006056 0.0005762 0.0006393 0.0007097 0.0005846 0.0008543 0.0007545 0.0007189 
USA/MI-MDHHS-SC22111/2020  0.0004506 0.0005199 0.0000000 0.0000010 0.0000010 0.0000693 0.0000010 0.0000010 0.0003813 0.0003820 0.0005707 0.0004883 0.0004509 0.0000349 0.0007281 0.0007171 0.0007747 0.0006977 0.0006977 0.0007326 0.0007675 0.0008375 0.0006635 0.0005930 0.0006600 0.0007656 0.0006933 0.0006933 0.0008321 0.0008373 0.0007974 0.0007627 0.0008024 0.0007297 0.0007627 0.0008045 0.0007978 0.0007441 0.0007003 0.0008402 0.0007801 0.0007282 0.0007282 0.0009385 0.0008668 0.0008321 0.0007326 0.0007395 0.0008053 0.0007645 0.0008024 0.0009020 0.0007896 0.0007704 0.0007684 0.0007681 0.0006976 0.0006587 0.0008372 0.0007674 0.0007440 0.0007698 0.0006587 0.0006952 0.0006977 0.0007974 0.0006587 0.0007974 0.0009731 0.0007405 0.0007293 0.0007627 0.0007280 0.0007641 0.0007635 0.0007675 0.0008321 0.0007792 0.0007661 0.0003813 0.0001040 0.0005617 0.0005546 0.0003861 0.0003837 0.0007297 0.0006279 0.0007627 0.0007982 0.0008681 0.0008688 0.0007675 0.0007974 0.0007980 0.0008369 0.0006977 0.0006628 0.0006593 0.0006334 0.0007635 0.0008693 0.0006682 0.0006933 0.0007321 0.0007302 0.0007280 0.0007469 0.0006240 0.0006943 0.0007787 0.0007627 0.0007297 0.0007284 0.0007280 0.0008049 0.0008321 0.0008027 0.0006248 0.0006241 0.0006608 0.0009015 0.0007405 0.0007421 0.0007675 0.0005683 0.0007627 0.0008721 0.0009622 0.0009071 0.0006467 0.0006587 0.0008734 0.0009015 0.0009129 0.0009201 0.0009096 0.0007073 0.0006046 0.0008724 0.0007976 0.0007280 0.0007395 0.0007710 0.0008041 0.0008336 0.0009220 0.0009453 0.0007559 0.0008036 0.0002791 0.0002880 0.0003139 0.0003139 0.0003488 0.0006240 0.0004610 0.0006240 0.0004506 0.0004853 0.0004577 0.0003815 0.0006009 0.0006587 0.0006628 0.0008881 0.0007675 0.0007974 0.0007326 0.0006933 0.0006933 0.0008668 0.0008324 0.0007442 0.0009036 0.0008668 0.0006691 0.0008120 0.0007022 0.0007109 0.0006933 0.0006933 0.0007280 0.0007280 0.0006977 0.0007627 0.0008000 0.0007082 0.0009511 0.0008485 0.0008106 
USA/MI-MDHHS-SC22119/2020  0.0004403 0.0005081 0.0000010 0.0000000 0.0000010 0.0000677 0.0000010 0.0000010 0.0003726 0.0003785 0.0005614 0.0004770 0.0004406 0.0000341 0.0007453 0.0007057 0.0007623 0.0006816 0.0006816 0.0007157 0.0007498 0.0008219 0.0006482 0.0005793 0.0006788 0.0007480 0.0007114 0.0007114 0.0008470 0.0008524 0.0008131 0.0007792 0.0008183 0.0007472 0.0007792 0.0008201 0.0008474 0.0007613 0.0007183 0.0008551 0.0007968 0.0007454 0.0007455 0.0009853 0.0009487 0.0008470 0.0007501 0.0007570 0.0008211 0.0007812 0.0008183 0.0009153 0.0007768 0.0007869 0.0007848 0.0007846 0.0007498 0.0006775 0.0008521 0.0007839 0.0007375 0.0007884 0.0007114 0.0007473 0.0007160 0.0008131 0.0006776 0.0008131 0.0009851 0.0007924 0.0007128 0.0007453 0.0007114 0.0007467 0.0007460 0.0007501 0.0008131 0.0007610 0.0007487 0.0003725 0.0001016 0.0005488 0.0005419 0.0003773 0.0003750 0.0007472 0.0006477 0.0007453 0.0007799 0.0008485 0.0008491 0.0007498 0.0007792 0.0007798 0.0008179 0.0006819 0.0006477 0.0006442 0.0006533 0.0007799 0.0008493 0.0006527 0.0006775 0.0007494 0.0007475 0.0007453 0.0007642 0.0006097 0.0006784 0.0007608 0.0007453 0.0007132 0.0007118 0.0007114 0.0007866 0.0008131 0.0007844 0.0006107 0.0006098 0.0006458 0.0009148 0.0007286 0.0007303 0.0007500 0.0005557 0.0007453 0.0008521 0.0009470 0.0009203 0.0006451 0.0006455 0.0008543 0.0009148 0.0009263 0.0009335 0.0009229 0.0006908 0.0005904 0.0008526 0.0007793 0.0007114 0.0007225 0.0007874 0.0008197 0.0008484 0.0009005 0.0009587 0.0007559 0.0007857 0.0003068 0.0003188 0.0003409 0.0003409 0.0003749 0.0006436 0.0004504 0.0006097 0.0004403 0.0004742 0.0004471 0.0003728 0.0005869 0.0006436 0.0006477 0.0008675 0.0007501 0.0007792 0.0007158 0.0007114 0.0007114 0.0008809 0.0008473 0.0008309 0.0009171 0.0008470 0.0006538 0.0007933 0.0006861 0.0006942 0.0006775 0.0007114 0.0007114 0.0007114 0.0006819 0.0007453 0.0007818 0.0006919 0.0009634 0.0008633 0.0007920 
USA/MI-MDHHS-SC22122/2020  0.0004391 0.0005067 0.0000010 0.0000010 0.0000000 0.0000675 0.0000010 0.0000010 0.0003716 0.0003780 0.0005598 0.0004757 0.0004394 0.0000340 0.0007433 0.0007037 0.0007602 0.0006797 0.0006797 0.0007138 0.0007478 0.0008196 0.0006465 0.0005778 0.0006770 0.0007460 0.0007433 0.0007433 0.0008447 0.0008509 0.0008109 0.0007771 0.0008169 0.0007459 0.0007771 0.0008179 0.0008451 0.0007592 0.0007164 0.0008527 0.0007954 0.0007434 0.0007434 0.0009836 0.0009461 0.0008447 0.0007488 0.0007556 0.0008197 0.0007798 0.0008169 0.0009128 0.0007746 0.0007848 0.0007827 0.0007825 0.0007477 0.0006757 0.0008498 0.0007817 0.0007356 0.0007862 0.0007095 0.0007452 0.0007141 0.0008109 0.0006757 0.0008109 0.0009834 0.0007910 0.0007114 0.0007433 0.0007095 0.0007785 0.0007440 0.0007488 0.0008109 0.0007589 0.0007474 0.0003715 0.0001013 0.0005479 0.0005405 0.0003766 0.0003743 0.0007798 0.0006466 0.0007433 0.0007778 0.0008470 0.0008476 0.0007478 0.0007771 0.0007777 0.0008163 0.0006807 0.0006466 0.0006424 0.0006522 0.0007778 0.0008470 0.0006509 0.0006757 0.0007473 0.0007455 0.0007433 0.0007621 0.0006419 0.0006765 0.0007594 0.0007433 0.0007120 0.0007098 0.0007095 0.0007852 0.0008109 0.0007831 0.0006095 0.0006082 0.0006447 0.0009123 0.0007266 0.0007282 0.0007479 0.0005547 0.0007433 0.0008838 0.0009444 0.0009178 0.0006447 0.0006435 0.0008533 0.0009123 0.0009247 0.0009319 0.0009203 0.0006889 0.0005888 0.0008511 0.0007772 0.0007095 0.0007213 0.0007853 0.0008175 0.0008461 0.0008980 0.0009561 0.0007559 0.0007840 0.0003060 0.0003182 0.0003403 0.0003403 0.0003743 0.0006419 0.0004496 0.0006081 0.0004391 0.0004729 0.0004458 0.0003718 0.0005853 0.0006419 0.0006466 0.0008660 0.0007488 0.0007771 0.0007138 0.0007433 0.0007433 0.0008785 0.0008450 0.0008294 0.0009155 0.0008447 0.0006526 0.0007919 0.0006849 0.0006923 0.0006757 0.0007095 0.0007095 0.0007095 0.0006807 0.0007433 0.0008144 0.0006907 0.0009608 0.0008609 0.0008250 
USA/MI-MDHHS-SC22189/2020  0.0005044 0.0005716 0.0000693 0.0000677 0.0000675 0.0000000 0.0000680 0.0000673 0.0004373 0.0004467 0.0006269 0.0005413 0.0005047 0.0000338 0.0008072 0.0008058 0.0008600 0.0007782 0.0007782 0.0008123 0.0008462 0.0009181 0.0007454 0.0006428 0.0007413 0.0008103 0.0008076 0.0008076 0.0009086 0.0009153 0.0008750 0.0008413 0.0008814 0.0008105 0.0008413 0.0008825 0.0009091 0.0008249 0.0008494 0.0009173 0.0008610 0.0008078 0.0008078 0.0010472 0.0010097 0.0009086 0.0008136 0.0008210 0.0008845 0.0008442 0.0008814 0.0009766 0.0008414 0.0008494 0.0008471 0.0008467 0.0008120 0.0007400 0.0009136 0.0008459 0.0008024 0.0008510 0.0007738 0.0008096 0.0007785 0.0008747 0.0007401 0.0008748 0.0010470 0.0008563 0.0007760 0.0008076 0.0007740 0.0008428 0.0008084 0.0008136 0.0008750 0.0008246 0.0008121 0.0004374 0.0001682 0.0006139 0.0006056 0.0004433 0.0004406 0.0008442 0.0007118 0.0008076 0.0008421 0.0009111 0.0009118 0.0008121 0.0008409 0.0008415 0.0008808 0.0007458 0.0007118 0.0007072 0.0007179 0.0008421 0.0009111 0.0007165 0.0007403 0.0008120 0.0008100 0.0008076 0.0008280 0.0007062 0.0007412 0.0008251 0.0008413 0.0008105 0.0008081 0.0008076 0.0008841 0.0009086 0.0008817 0.0006745 0.0006731 0.0007097 0.0009755 0.0007923 0.0007943 0.0008122 0.0006214 0.0008075 0.0009474 0.0010110 0.0009816 0.0007163 0.0007440 0.0009200 0.0009760 0.0009892 0.0009968 0.0009846 0.0007547 0.0006554 0.0009155 0.0008415 0.0007740 0.0007868 0.0008501 0.0008821 0.0009097 0.0009631 0.0010192 0.0008279 0.0008510 0.0003725 0.0003875 0.0004067 0.0004067 0.0004406 0.0007066 0.0005166 0.0006730 0.0005047 0.0005383 0.0005123 0.0004713 0.0006515 0.0007066 0.0007118 0.0009315 0.0008136 0.0008413 0.0007787 0.0008076 0.0008076 0.0009423 0.0009090 0.0008949 0.0009794 0.0009086 0.0007184 0.0008573 0.0007504 0.0007585 0.0007403 0.0007740 0.0007740 0.0007740 0.0007458 0.0008076 0.0008788 0.0007567 0.0010253 0.0009261 0.0008901 
USA/MI-MDHHS-SC22118/2020  0.0004419 0.0005099 0.0000010 0.0000010 0.0000010 0.0000680 0.0000000 0.0000010 0.0003739 0.0003786 0.0005629 0.0004788 0.0004422 0.0000342 0.0007481 0.0007077 0.0007645 0.0006841 0.0006841 0.0007184 0.0007526 0.0008243 0.0006507 0.0005815 0.0006813 0.0007508 0.0007140 0.0007140 0.0008501 0.0008553 0.0008161 0.0007821 0.0008211 0.0007498 0.0007821 0.0008232 0.0008505 0.0007642 0.0007210 0.0008583 0.0007996 0.0007482 0.0007482 0.0009888 0.0009522 0.0008501 0.0007526 0.0007596 0.0008239 0.0007839 0.0008211 0.0009186 0.0007790 0.0007898 0.0007877 0.0007875 0.0007526 0.0006800 0.0008552 0.0007868 0.0007391 0.0007906 0.0007140 0.0007501 0.0007187 0.0008161 0.0006801 0.0008161 0.0009886 0.0007953 0.0007153 0.0007480 0.0007140 0.0007494 0.0007488 0.0007526 0.0008161 0.0007639 0.0007514 0.0003739 0.0001020 0.0005507 0.0005440 0.0003785 0.0003762 0.0007498 0.0006499 0.0007480 0.0007828 0.0008515 0.0008521 0.0007526 0.0007821 0.0007827 0.0008207 0.0006842 0.0006499 0.0006466 0.0006555 0.0007828 0.0008525 0.0006551 0.0006800 0.0007522 0.0007503 0.0007480 0.0007671 0.0006120 0.0006809 0.0007634 0.0007480 0.0007157 0.0007144 0.0007140 0.0007892 0.0008161 0.0007871 0.0006128 0.0006121 0.0006481 0.0009182 0.0007307 0.0007323 0.0007527 0.0005574 0.0007481 0.0008552 0.0009497 0.0009238 0.0006453 0.0006472 0.0008574 0.0009181 0.0009295 0.0009367 0.0009263 0.0006934 0.0005927 0.0008555 0.0007822 0.0007140 0.0007250 0.0007904 0.0008228 0.0008516 0.0009039 0.0009613 0.0007559 0.0007885 0.0003079 0.0003197 0.0003420 0.0003420 0.0003762 0.0006460 0.0004519 0.0006120 0.0004419 0.0004759 0.0004487 0.0003741 0.0005892 0.0006460 0.0006499 0.0008705 0.0007526 0.0007821 0.0007184 0.0007140 0.0007140 0.0008841 0.0008504 0.0008338 0.0009203 0.0008501 0.0006561 0.0007962 0.0006884 0.0006969 0.0006800 0.0007140 0.0007140 0.0007140 0.0006842 0.0007480 0.0007846 0.0006943 0.0009670 0.0008666 0.0007947 
USA/MI-MDHHS-SC22126/2020  0.0004376 0.0005049 0.0000010 0.0000010 0.0000010 0.0000673 0.0000010 0.0000000 0.0003702 0.0003779 0.0005578 0.0004741 0.0004379 0.0000339 0.0007407 0.0007362 0.0007920 0.0007112 0.0007112 0.0007452 0.0007790 0.0008508 0.0006781 0.0005757 0.0006746 0.0007434 0.0007407 0.0007407 0.0008417 0.0008479 0.0008080 0.0007743 0.0008140 0.0007433 0.0007743 0.0008150 0.0008421 0.0007565 0.0007818 0.0008497 0.0007925 0.0007408 0.0007408 0.0009801 0.0009428 0.0008417 0.0007461 0.0007530 0.0008168 0.0007771 0.0008140 0.0009096 0.0007718 0.0007820 0.0007799 0.0007797 0.0007451 0.0006733 0.0008468 0.0007790 0.0007331 0.0007834 0.0007070 0.0007426 0.0007116 0.0008081 0.0006734 0.0008081 0.0009799 0.0007882 0.0007089 0.0007407 0.0007070 0.0007758 0.0007414 0.0007461 0.0008080 0.0007562 0.0007448 0.0003702 0.0001010 0.0005459 0.0005386 0.0003753 0.0003730 0.0007771 0.0006443 0.0007407 0.0007751 0.0008440 0.0008447 0.0007451 0.0007743 0.0007750 0.0008134 0.0006783 0.0006443 0.0006402 0.0006498 0.0007751 0.0008440 0.0006486 0.0006733 0.0007447 0.0007428 0.0007407 0.0007593 0.0006396 0.0006742 0.0007567 0.0007743 0.0007433 0.0007411 0.0007407 0.0008165 0.0008417 0.0008142 0.0006073 0.0006061 0.0006424 0.0009092 0.0007240 0.0007256 0.0007453 0.0005527 0.0007407 0.0008806 0.0009413 0.0009146 0.0006447 0.0006763 0.0008518 0.0009091 0.0009214 0.0009285 0.0009171 0.0006864 0.0005867 0.0008481 0.0007745 0.0007070 0.0007187 0.0007825 0.0008146 0.0008432 0.0008948 0.0009517 0.0007559 0.0007829 0.0003049 0.0003172 0.0003391 0.0003391 0.0003730 0.0006396 0.0004479 0.0006059 0.0004376 0.0004712 0.0004442 0.0004041 0.0005832 0.0006396 0.0006443 0.0008629 0.0007461 0.0007743 0.0007113 0.0007407 0.0007407 0.0008754 0.0008421 0.0008265 0.0009123 0.0008417 0.0006503 0.0007891 0.0006825 0.0006898 0.0006733 0.0007070 0.0007070 0.0007070 0.0006783 0.0007407 0.0008116 0.0006882 0.0009574 0.0008579 0.0008220 
USA/MI-MDHHS-SC22128/2020  0.0003364 0.0004037 0.0003813 0.0003726 0.0003716 0.0004373 0.0003739 0.0003702 0.0000000 0.0004123 0.0002438 0.0001692 0.0001346 0.0004061 0.0006392 0.0006306 0.0006882 0.0006092 0.0006092 0.0006431 0.0006770 0.0007482 0.0005760 0.0004738 0.0005730 0.0006416 0.0006393 0.0006393 0.0007403 0.0007458 0.0007066 0.0006730 0.0007119 0.0006416 0.0006730 0.0007128 0.0007407 0.0006530 0.0006795 0.0007474 0.0006888 0.0006394 0.0006395 0.0008782 0.0008413 0.0007403 0.0006440 0.0006499 0.0006463 0.0006753 0.0007119 0.0008081 0.0006661 0.0006795 0.0006777 0.0006775 0.0006431 0.0005720 0.0007446 0.0006769 0.0006279 0.0006808 0.0006056 0.0006409 0.0006095 0.0007066 0.0005720 0.0007066 0.0008781 0.0006850 0.0006073 0.0006393 0.0006057 0.0006742 0.0006399 0.0006440 0.0007066 0.0006527 0.0006429 0.0004037 0.0004710 0.0003069 0.0003028 0.0002728 0.0002711 0.0006753 0.0005423 0.0006393 0.0006736 0.0007423 0.0007429 0.0006431 0.0006729 0.0006734 0.0007113 0.0005762 0.0005423 0.0005388 0.0005469 0.0006736 0.0007424 0.0005459 0.0005720 0.0006428 0.0006412 0.0006393 0.0006554 0.0005383 0.0005727 0.0006532 0.0006730 0.0006416 0.0006397 0.0006393 0.0007140 0.0007403 0.0007121 0.0005058 0.0005048 0.0005407 0.0008076 0.0005857 0.0005870 0.0006433 0.0002416 0.0006392 0.0007785 0.0008366 0.0008124 0.0006088 0.0005749 0.0007496 0.0008076 0.0008186 0.0008249 0.0008147 0.0005831 0.0002759 0.0007459 0.0006731 0.0006057 0.0006157 0.0006800 0.0007124 0.0007415 0.0007911 0.0008153 0.0006119 0.0006807 0.0002709 0.0003170 0.0003050 0.0003050 0.0003389 0.0005383 0.0003444 0.0005047 0.0001345 0.0001682 0.0003415 0.0003029 0.0003429 0.0005383 0.0005423 0.0007589 0.0006440 0.0006730 0.0006094 0.0006393 0.0006393 0.0007740 0.0007406 0.0007228 0.0008105 0.0007403 0.0005473 0.0006858 0.0005798 0.0005860 0.0005720 0.0006057 0.0006057 0.0006057 0.0005762 0.0006393 0.0007097 0.0005847 0.0008543 0.0007545 0.0007189 
USA/MI-MDHHS-SC22112/2020  0.0004811 0.0005498 0.0003820 0.0003785 0.0003780 0.0004467 0.0003786 0.0003779 0.0004123 0.0000000 0.0006005 0.0005186 0.0004814 0.0004149 0.0007561 0.0007459 0.0008022 0.0007261 0.0007261 0.0007608 0.0007954 0.0008648 0.0006923 0.0006224 0.0007231 0.0007934 0.0007217 0.0007217 0.0008592 0.0008649 0.0008249 0.0007905 0.0008303 0.0007581 0.0007905 0.0008321 0.0008597 0.0007726 0.0007288 0.0008676 0.0008086 0.0007562 0.0007563 0.0009652 0.0009624 0.0008592 0.0007611 0.0007682 0.0008332 0.0007926 0.0008303 0.0009285 0.0008174 0.0007983 0.0007963 0.0007960 0.0007607 0.0006874 0.0008645 0.0007953 0.0007766 0.0007975 0.0007217 0.0007581 0.0007262 0.0008249 0.0006874 0.0008249 0.0009995 0.0008041 0.0007576 0.0007905 0.0007561 0.0008264 0.0007913 0.0007957 0.0008592 0.0008074 0.0007942 0.0000010 0.0004811 0.0005918 0.0005842 0.0004176 0.0004151 0.0008270 0.0006919 0.0007905 0.0008257 0.0008953 0.0008960 0.0007953 0.0008249 0.0008255 0.0008645 0.0007265 0.0006919 0.0006879 0.0006979 0.0008257 0.0008962 0.0006971 0.0007217 0.0007949 0.0007928 0.0007905 0.0008108 0.0006529 0.0007226 0.0008072 0.0007905 0.0007581 0.0007565 0.0007561 0.0008329 0.0008592 0.0008306 0.0006540 0.0006531 0.0006897 0.0009281 0.0007333 0.0007350 0.0007954 0.0005986 0.0007905 0.0008991 0.0009885 0.0008646 0.0006809 0.0006874 0.0009026 0.0009280 0.0009400 0.0009474 0.0009364 0.0007361 0.0006345 0.0008997 0.0008250 0.0007561 0.0007682 0.0007990 0.0008317 0.0008608 0.0009490 0.0009381 0.0007559 0.0008315 0.0003459 0.0003589 0.0003804 0.0003804 0.0004150 0.0006873 0.0004922 0.0006529 0.0004811 0.0005154 0.0004885 0.0004126 0.0006307 0.0006873 0.0006919 0.0009157 0.0007957 0.0008249 0.0007608 0.0007217 0.0007217 0.0008936 0.0008596 0.0008433 0.0009305 0.0008936 0.0006984 0.0008401 0.0007310 0.0007398 0.0007217 0.0007217 0.0007561 0.0007561 0.0007265 0.0007905 0.0008623 0.0007373 0.0009776 0.0008761 0.0008736 
USA/MI-MDHHS-SC22136/2020  0.0005224 0.0005572 0.0005707 0.0005614 0.0005598 0.0006269 0.0005629 0.0005578 0.0002438 0.0006005 0.0000000 0.0003482 0.0003134 0.0005921 0.0007663 0.0008137 0.0008752 0.0008012 0.0008012 0.0008362 0.0008710 0.0009410 0.0007664 0.0006270 0.0007663 0.0008361 0.0007666 0.0007666 0.0008712 0.0008779 0.0008364 0.0008015 0.0008428 0.0007694 0.0007666 0.0008436 0.0008717 0.0007834 0.0007743 0.0008798 0.0008210 0.0007668 0.0007668 0.0009096 0.0009758 0.0008712 0.0007725 0.0007798 0.0007752 0.0008044 0.0008428 0.0009416 0.0008142 0.0008021 0.0008013 0.0008012 0.0007663 0.0006967 0.0008709 0.0008012 0.0007765 0.0008013 0.0007316 0.0007665 0.0007315 0.0008361 0.0006967 0.0008361 0.0010144 0.0008161 0.0007687 0.0008015 0.0007666 0.0008380 0.0008023 0.0008076 0.0008712 0.0008187 0.0008061 0.0005923 0.0006620 0.0004593 0.0004529 0.0004593 0.0004564 0.0008744 0.0007374 0.0008364 0.0008721 0.0009087 0.0009444 0.0008360 0.0008709 0.0008709 0.0008772 0.0007374 0.0007022 0.0006975 0.0007436 0.0008372 0.0009437 0.0007421 0.0007666 0.0008408 0.0008389 0.0008364 0.0008579 0.0007315 0.0007676 0.0008551 0.0008712 0.0008394 0.0008368 0.0008364 0.0009135 0.0009410 0.0009133 0.0006636 0.0006622 0.0007000 0.0009058 0.0007035 0.0007406 0.0008012 0.0002103 0.0008013 0.0009754 0.0009866 0.0009407 0.0007968 0.0007687 0.0009469 0.0009758 0.0009895 0.0009967 0.0009847 0.0007819 0.0004646 0.0009132 0.0008365 0.0007666 0.0008153 0.0008373 0.0008717 0.0008717 0.0009625 0.0008809 0.0007421 0.0008804 0.0004560 0.0005078 0.0004915 0.0004915 0.0005266 0.0007318 0.0004961 0.0006620 0.0003135 0.0003484 0.0004953 0.0004532 0.0004618 0.0006969 0.0007022 0.0009644 0.0008076 0.0008364 0.0007712 0.0007666 0.0007666 0.0009061 0.0008716 0.0008559 0.0009094 0.0008712 0.0007088 0.0008882 0.0007421 0.0007859 0.0007666 0.0007666 0.0008015 0.0008015 0.0007725 0.0008364 0.0009114 0.0007840 0.0010266 0.0008882 0.0009138 
USA/MI-MDHHS-SC22165/2020  0.0004397 0.0004736 0.0004883 0.0004770 0.0004757 0.0005413 0.0004788 0.0004741 0.0001692 0.0005186 0.0003482 0.0000000 0.0002368 0.0005075 0.0007444 0.0007357 0.0007911 0.0007105 0.0007105 0.0007446 0.0007785 0.0008501 0.0006776 0.0005751 0.0006766 0.0007445 0.0007447 0.0007447 0.0008463 0.0008526 0.0008125 0.0007786 0.0008185 0.0007474 0.0007786 0.0008195 0.0008468 0.0007607 0.0007862 0.0008544 0.0007970 0.0007449 0.0007449 0.0009515 0.0009480 0.0008463 0.0007503 0.0007571 0.0007528 0.0007813 0.0008185 0.0009146 0.0007712 0.0007814 0.0007793 0.0007789 0.0007443 0.0006767 0.0008459 0.0007782 0.0007325 0.0007829 0.0007107 0.0007446 0.0007108 0.0008122 0.0006768 0.0008123 0.0009853 0.0007926 0.0007128 0.0007447 0.0007109 0.0007800 0.0007455 0.0007503 0.0008125 0.0007604 0.0007489 0.0005077 0.0005754 0.0004117 0.0004061 0.0003773 0.0003750 0.0007813 0.0006479 0.0007447 0.0007794 0.0008487 0.0008493 0.0007444 0.0007782 0.0007783 0.0008179 0.0006820 0.0006479 0.0006437 0.0005846 0.0007455 0.0008487 0.0006522 0.0006770 0.0007488 0.0007469 0.0007447 0.0007636 0.0006428 0.0006779 0.0007609 0.0007786 0.0007474 0.0007451 0.0007447 0.0008189 0.0008463 0.0008187 0.0005767 0.0005755 0.0006119 0.0009137 0.0006889 0.0006906 0.0007446 0.0003451 0.0007446 0.0008798 0.0009413 0.0009139 0.0007163 0.0006804 0.0008518 0.0009141 0.0009265 0.0009337 0.0009222 0.0006903 0.0003123 0.0008528 0.0007787 0.0006770 0.0007227 0.0007184 0.0007508 0.0008467 0.0008998 0.0009228 0.0006883 0.0007191 0.0003747 0.0004227 0.0004091 0.0004091 0.0004432 0.0006431 0.0004477 0.0005754 0.0002369 0.0000010 0.0004467 0.0004064 0.0004140 0.0006431 0.0006479 0.0008677 0.0007503 0.0007786 0.0007152 0.0007447 0.0007447 0.0008802 0.0008467 0.0008311 0.0009173 0.0008125 0.0006539 0.0007935 0.0006863 0.0006937 0.0006770 0.0007109 0.0006431 0.0007109 0.0006820 0.0007447 0.0007480 0.0006921 0.0009627 0.0008627 0.0007577 
USA/MI-MDHHS-SC22181/2020  0.0004038 0.0004711 0.0004509 0.0004406 0.0004394 0.0005047 0.0004422 0.0004379 0.0001346 0.0004814 0.0003134 0.0002368 0.0000000 0.0004736 0.0007068 0.0007007 0.0007567 0.0006767 0.0006767 0.0007108 0.0007446 0.0008161 0.0006437 0.0005413 0.0006402 0.0007090 0.0007071 0.0007071 0.0008082 0.0008141 0.0007745 0.0007408 0.0007802 0.0007096 0.0007408 0.0007812 0.0008086 0.0007222 0.0007480 0.0008159 0.0007582 0.0007072 0.0007073 0.0009464 0.0009092 0.0008082 0.0007123 0.0007188 0.0007148 0.0007434 0.0007802 0.0008761 0.0007361 0.0007475 0.0007454 0.0007450 0.0007105 0.0006394 0.0008120 0.0007443 0.0006977 0.0007488 0.0006733 0.0007083 0.0006770 0.0007742 0.0006396 0.0007743 0.0009463 0.0007540 0.0006752 0.0007071 0.0006734 0.0007422 0.0007078 0.0007123 0.0007745 0.0007219 0.0007110 0.0004713 0.0005387 0.0003754 0.0003703 0.0003412 0.0003391 0.0007434 0.0006105 0.0007071 0.0007415 0.0008104 0.0008110 0.0007105 0.0007404 0.0007405 0.0007796 0.0006445 0.0006105 0.0006066 0.0006157 0.0007078 0.0008104 0.0006145 0.0006397 0.0007109 0.0007092 0.0007071 0.0007249 0.0006057 0.0006405 0.0007224 0.0007408 0.0007096 0.0007075 0.0007071 0.0007826 0.0008082 0.0007804 0.0005399 0.0005388 0.0005749 0.0008752 0.0006200 0.0006215 0.0007107 0.0003106 0.0007070 0.0008459 0.0009064 0.0008800 0.0006805 0.0006091 0.0008177 0.0008755 0.0008874 0.0008943 0.0008833 0.0006522 0.0003451 0.0008143 0.0007409 0.0006734 0.0006846 0.0007486 0.0007808 0.0008087 0.0008605 0.0008498 0.0006483 0.0007493 0.0003388 0.0003875 0.0003730 0.0003730 0.0004070 0.0006060 0.0004133 0.0005724 0.0002020 0.0002356 0.0004101 0.0003705 0.0003774 0.0006060 0.0006105 0.0008285 0.0007123 0.0007408 0.0006775 0.0006397 0.0006397 0.0008419 0.0008085 0.0007922 0.0008786 0.0008082 0.0006162 0.0007549 0.0006484 0.0006554 0.0006397 0.0006734 0.0006734 0.0006734 0.0006445 0.0007071 0.0007779 0.0006539 0.0009233 0.0008237 0.0007879 
USA/MI-MDHHS-SC22171/2020  0.0004736 0.0005074 0.0000349 0.0000341 0.0000340 0.0000338 0.0000342 0.0000339 0.0004061 0.0004149 0.0005921 0.0005075 0.0004736 0.0000000 0.0007783 0.0007708 0.0008256 0.0007444 0.0007444 0.0007785 0.0008123 0.0008842 0.0007115 0.0006090 0.0007105 0.0007784 0.0007786 0.0007786 0.0008803 0.0008868 0.0008464 0.0008125 0.0008527 0.0007814 0.0008125 0.0008538 0.0008807 0.0007954 0.0008204 0.0008887 0.0008317 0.0007788 0.0007788 0.0009856 0.0009819 0.0008803 0.0007844 0.0007916 0.0008556 0.0008154 0.0008527 0.0009486 0.0008063 0.0008154 0.0008132 0.0008128 0.0007782 0.0007106 0.0008798 0.0008121 0.0007675 0.0008169 0.0007446 0.0007785 0.0007446 0.0008461 0.0007107 0.0008462 0.0010194 0.0008271 0.0007468 0.0007786 0.0007448 0.0008140 0.0007794 0.0007844 0.0008464 0.0007951 0.0007830 0.0004061 0.0001354 0.0005833 0.0005754 0.0004117 0.0004092 0.0008154 0.0006821 0.0007786 0.0008133 0.0008827 0.0008834 0.0007782 0.0008121 0.0008122 0.0008520 0.0007162 0.0006821 0.0006776 0.0006879 0.0007794 0.0008827 0.0006866 0.0007109 0.0007829 0.0007809 0.0007786 0.0007984 0.0006766 0.0007118 0.0007956 0.0008125 0.0007814 0.0007791 0.0007786 0.0008531 0.0008803 0.0008529 0.0006107 0.0006094 0.0006460 0.0009475 0.0007579 0.0007597 0.0007784 0.0005868 0.0007785 0.0009136 0.0009761 0.0009478 0.0006805 0.0007145 0.0008859 0.0009480 0.0009609 0.0009684 0.0009564 0.0007248 0.0006247 0.0008870 0.0008127 0.0007109 0.0007572 0.0008211 0.0008533 0.0008806 0.0009345 0.0009912 0.0007971 0.0008219 0.0003407 0.0003522 0.0003751 0.0003751 0.0004092 0.0006770 0.0004822 0.0006093 0.0004739 0.0005077 0.0004811 0.0004403 0.0005865 0.0006770 0.0006821 0.0009025 0.0007844 0.0008125 0.0007494 0.0007786 0.0007786 0.0009141 0.0008806 0.0008658 0.0009514 0.0008464 0.0006884 0.0008281 0.0007206 0.0007285 0.0007109 0.0007448 0.0007448 0.0007448 0.0007162 0.0007786 0.0008501 0.0007267 0.0009972 0.0008972 0.0008611 
USA/MI-MDHHS-SC22129/2020  0.0005717 0.0006390 0.0007281 0.0007453 0.0007433 0.0008072 0.0007481 0.0007407 0.0006392 0.0007561 0.0007663 0.0007444 0.0007068 0.0007783 0.0000000 0.0008409 0.0008944 0.0008460 0.0008460 0.0008801 0.0009140 0.0009862 0.0008132 0.0007106 0.0008088 0.0008779 0.0008750 0.0008750 0.0009760 0.0009832 0.0009423 0.0009087 0.0009493 0.0008781 0.0009087 0.0009505 0.0009765 0.0008937 0.0009175 0.0009853 0.0009300 0.0008752 0.0008752 0.0011149 0.0010771 0.0009760 0.0008815 0.0008895 0.0009526 0.0009119 0.0009493 0.0010440 0.0008765 0.0009175 0.0009150 0.0009145 0.0008798 0.0008073 0.0009814 0.0009136 0.0008024 0.0009191 0.0008411 0.0008771 0.0008463 0.0009421 0.0008075 0.0009421 0.0011146 0.0009249 0.0008436 0.0008750 0.0008413 0.0009103 0.0008758 0.0008815 0.0009423 0.0008934 0.0008799 0.0007740 0.0008413 0.0008187 0.0008076 0.0006480 0.0006441 0.0009119 0.0007797 0.0008750 0.0009096 0.0009787 0.0009794 0.0008798 0.0009082 0.0009089 0.0009486 0.0008136 0.0007797 0.0007747 0.0007863 0.0009096 0.0009787 0.0007848 0.0008076 0.0008798 0.0008776 0.0008750 0.0008970 0.0007736 0.0008087 0.0008939 0.0009087 0.0008781 0.0008755 0.0008750 0.0009522 0.0009760 0.0009496 0.0008095 0.0008078 0.0008450 0.0010429 0.0008268 0.0008289 0.0008801 0.0008286 0.0008748 0.0008121 0.0010460 0.0010494 0.0007880 0.0008117 0.0007837 0.0010434 0.0010575 0.0011001 0.0010525 0.0008234 0.0008625 0.0007799 0.0007068 0.0006393 0.0006499 0.0006800 0.0007124 0.0009772 0.0010320 0.0010885 0.0008650 0.0007148 0.0006435 0.0006694 0.0006780 0.0006780 0.0007119 0.0007740 0.0006889 0.0008750 0.0007066 0.0007403 0.0007174 0.0006734 0.0008574 0.0007740 0.0007797 0.0010351 0.0008815 0.0009087 0.0008465 0.0008750 0.0008750 0.0010097 0.0009764 0.0009638 0.0010470 0.0009760 0.0007869 0.0009260 0.0006139 0.0006205 0.0006057 0.0006393 0.0006393 0.0006393 0.0006101 0.0006730 0.0007436 0.0006191 0.0010937 0.0009947 0.0007531 
USA/MI-MDHHS-SC22132/2020  0.0005955 0.0006306 0.0007171 0.0007057 0.0007037 0.0008058 0.0007077 0.0007362 0.0006306 0.0007459 0.0008137 0.0007357 0.0007007 0.0007708 0.0008409 0.0000000 0.0001052 0.0000350 0.0000350 0.0001051 0.0001051 0.0001751 0.0000350 0.0005956 0.0008409 0.0008760 0.0007359 0.0007359 0.0008410 0.0008475 0.0008060 0.0007709 0.0008122 0.0007386 0.0007709 0.0008098 0.0008415 0.0007471 0.0007433 0.0008117 0.0007855 0.0007360 0.0007360 0.0008795 0.0009462 0.0008410 0.0007415 0.0007486 0.0008151 0.0007737 0.0008122 0.0009117 0.0008106 0.0007357 0.0007357 0.0007708 0.0007357 0.0006657 0.0008058 0.0007357 0.0007436 0.0007708 0.0007007 0.0007358 0.0007007 0.0007708 0.0006657 0.0007708 0.0009849 0.0007820 0.0007379 0.0007709 0.0007359 0.0008075 0.0007717 0.0007769 0.0008410 0.0007844 0.0007754 0.0007709 0.0007709 0.0008174 0.0008060 0.0006396 0.0006356 0.0009497 0.0008122 0.0007709 0.0008068 0.0008786 0.0008793 0.0007708 0.0008058 0.0008059 0.0008469 0.0007062 0.0006709 0.0006313 0.0006739 0.0007717 0.0008786 0.0005296 0.0005606 0.0006316 0.0006309 0.0006307 0.0006445 0.0005254 0.0005613 0.0006449 0.0001051 0.0000703 0.0000701 0.0000701 0.0001413 0.0001751 0.0001412 0.0007376 0.0007360 0.0007744 0.0008760 0.0007424 0.0007429 0.0007709 0.0008189 0.0008409 0.0010513 0.0009892 0.0008760 0.0006912 0.0000351 0.0009875 0.0009462 0.0009596 0.0009989 0.0009549 0.0005681 0.0008594 0.0010244 0.0009464 0.0008410 0.0008913 0.0009138 0.0009467 0.0008418 0.0009272 0.0009555 0.0006703 0.0009576 0.0006350 0.0006907 0.0006709 0.0006709 0.0007062 0.0008060 0.0006749 0.0008410 0.0007008 0.0007359 0.0006735 0.0006657 0.0007809 0.0006307 0.0006355 0.0009270 0.0007769 0.0008060 0.0007374 0.0007359 0.0007359 0.0008761 0.0008414 0.0008216 0.0009145 0.0008410 0.0006373 0.0008185 0.0007819 0.0008566 0.0008410 0.0008410 0.0008761 0.0008761 0.0008475 0.0009112 0.0009858 0.0008568 0.0009929 0.0008520 0.0009990 
USA/MI-MDHHS-SC22146/2020  0.0006191 0.0006535 0.0007747 0.0007623 0.0007602 0.0008600 0.0007645 0.0007920 0.0006882 0.0008022 0.0008752 0.0007911 0.0007567 0.0008256 0.0008944 0.0001052 0.0000000 0.0000688 0.0000688 0.0000010 0.0000010 0.0002064 0.0000688 0.0006191 0.0008600 0.0009290 0.0007571 0.0007571 0.0008604 0.0008669 0.0008260 0.0007916 0.0008322 0.0007598 0.0007916 0.0008326 0.0008609 0.0007731 0.0007994 0.0008688 0.0008106 0.0007573 0.0007573 0.0008983 0.0009637 0.0008604 0.0007628 0.0007700 0.0008352 0.0007944 0.0008322 0.0009299 0.0008414 0.0007915 0.0007914 0.0007911 0.0007567 0.0006880 0.0008600 0.0007911 0.0007711 0.0007916 0.0007225 0.0007570 0.0007223 0.0008257 0.0006881 0.0008258 0.0010018 0.0008054 0.0007592 0.0007916 0.0007571 0.0008276 0.0007923 0.0007975 0.0008604 0.0008079 0.0007961 0.0008260 0.0008260 0.0008724 0.0008604 0.0006978 0.0006935 0.0009672 0.0008322 0.0007916 0.0008268 0.0008974 0.0008981 0.0007911 0.0008256 0.0008257 0.0008663 0.0007282 0.0006935 0.0006889 0.0006989 0.0007923 0.0008974 0.0005580 0.0005850 0.0006570 0.0006558 0.0006538 0.0006701 0.0005503 0.0005857 0.0006683 0.0001376 0.0001036 0.0001033 0.0001032 0.0001734 0.0002064 0.0001734 0.0007589 0.0007573 0.0007951 0.0008945 0.0007637 0.0007652 0.0007912 0.0008745 0.0008602 0.0010665 0.0010144 0.0008946 0.0007195 0.0000690 0.0010044 0.0009637 0.0009771 0.0010183 0.0009724 0.0005962 0.0009172 0.0010407 0.0009639 0.0008604 0.0009101 0.0009385 0.0009709 0.0008608 0.0009503 0.0009731 0.0007309 0.0009751 0.0006928 0.0007138 0.0007282 0.0007282 0.0007628 0.0008260 0.0007343 0.0008949 0.0007571 0.0007916 0.0007683 0.0007231 0.0008766 0.0006883 0.0006935 0.0009508 0.0007975 0.0008260 0.0007613 0.0007571 0.0007571 0.0008949 0.0008608 0.0008446 0.0009326 0.0008604 0.0006995 0.0008414 0.0008375 0.0008813 0.0008604 0.0008604 0.0008949 0.0008949 0.0008669 0.0009293 0.0010027 0.0008792 0.0010131 0.0008766 0.0010159 
USA/MI-MDHHS-SC22164/2020  0.0005413 0.0005751 0.0006977 0.0006816 0.0006797 0.0007782 0.0006841 0.0007112 0.0006092 0.0007261 0.0008012 0.0007105 0.0006767 0.0007444 0.0008460 0.0000350 0.0000688 0.0000000 0.0000010 0.0000677 0.0000677 0.0001360 0.0000010 0.0005413 0.0007782 0.0008461 0.0007109 0.0007109 0.0008125 0.0008185 0.0007786 0.0007447 0.0007844 0.0007134 0.0007447 0.0007854 0.0008129 0.0007262 0.0007520 0.0008203 0.0007623 0.0007110 0.0007110 0.0009175 0.0009141 0.0008125 0.0007162 0.0007227 0.0007871 0.0007474 0.0007844 0.0008808 0.0007712 0.0007475 0.0007454 0.0007450 0.0007105 0.0006429 0.0008121 0.0007444 0.0006977 0.0007488 0.0006769 0.0007107 0.0006770 0.0007784 0.0006430 0.0007784 0.0009513 0.0007581 0.0006788 0.0007109 0.0006770 0.0007461 0.0007116 0.0007162 0.0007786 0.0007259 0.0007149 0.0007447 0.0007447 0.0007893 0.0007786 0.0006176 0.0006138 0.0008833 0.0007503 0.0007109 0.0007455 0.0008147 0.0008154 0.0007105 0.0007444 0.0007444 0.0007838 0.0006479 0.0006138 0.0006098 0.0006191 0.0007116 0.0008147 0.0004805 0.0005077 0.0005786 0.0005771 0.0005754 0.0005900 0.0004736 0.0005084 0.0005880 0.0000677 0.0000340 0.0000339 0.0000338 0.0001023 0.0001354 0.0001023 0.0006786 0.0006771 0.0007140 0.0008798 0.0006889 0.0006906 0.0007107 0.0007940 0.0007785 0.0009814 0.0009413 0.0008800 0.0006447 0.0000010 0.0009200 0.0008802 0.0008922 0.0009338 0.0008880 0.0005177 0.0008331 0.0009552 0.0008804 0.0007786 0.0008260 0.0008895 0.0009216 0.0008129 0.0008652 0.0009228 0.0006521 0.0008905 0.0006133 0.0006341 0.0006479 0.0006479 0.0006820 0.0007447 0.0006544 0.0008125 0.0006770 0.0007109 0.0006874 0.0006435 0.0007936 0.0006093 0.0006138 0.0008678 0.0007162 0.0007447 0.0006812 0.0007109 0.0007109 0.0008464 0.0008128 0.0007965 0.0008833 0.0007786 0.0006195 0.0007590 0.0007893 0.0007978 0.0007786 0.0008125 0.0008125 0.0008125 0.0007844 0.0008464 0.0009181 0.0007960 0.0009283 0.0008282 0.0009300 
USA/MI-MDHHS-SC22169/2020  0.0005413 0.0005751 0.0006977 0.0006816 0.0006797 0.0007782 0.0006841 0.0007112 0.0006092 0.0007261 0.0008012 0.0007105 0.0006767 0.0007444 0.0008460 0.0000350 0.0000688 0.0000010 0.0000000 0.0000677 0.0000677 0.0001360 0.0000010 0.0005413 0.0007782 0.0008461 0.0007109 0.0007109 0.0008125 0.0008185 0.0007786 0.0007447 0.0007844 0.0007134 0.0007447 0.0007854 0.0008129 0.0007262 0.0007520 0.0008203 0.0007623 0.0007110 0.0007110 0.0009175 0.0009141 0.0008125 0.0007162 0.0007227 0.0007871 0.0007474 0.0007844 0.0008808 0.0007712 0.0007475 0.0007455 0.0007450 0.0007105 0.0006429 0.0008121 0.0007444 0.0006977 0.0007488 0.0006769 0.0007107 0.0006770 0.0007784 0.0006430 0.0007784 0.0009513 0.0007581 0.0006788 0.0007109 0.0006770 0.0007461 0.0007116 0.0007162 0.0007786 0.0007259 0.0007149 0.0007447 0.0007447 0.0007893 0.0007786 0.0006176 0.0006138 0.0008833 0.0007503 0.0007109 0.0007455 0.0008147 0.0008154 0.0007105 0.0007444 0.0007444 0.0007838 0.0006479 0.0006138 0.0006098 0.0006191 0.0007116 0.0008147 0.0004805 0.0005077 0.0005786 0.0005771 0.0005754 0.0005900 0.0004736 0.0005084 0.0005880 0.0000677 0.0000340 0.0000339 0.0000338 0.0001023 0.0001354 0.0001023 0.0006786 0.0006771 0.0007140 0.0008798 0.0006890 0.0006907 0.0007107 0.0007941 0.0007785 0.0009814 0.0009413 0.0008801 0.0006447 0.0000010 0.0009200 0.0008802 0.0008922 0.0009338 0.0008880 0.0005177 0.0008331 0.0009552 0.0008804 0.0007786 0.0008260 0.0008895 0.0009216 0.0008129 0.0008652 0.0008886 0.0006521 0.0008904 0.0006133 0.0006341 0.0006479 0.0006479 0.0006820 0.0007447 0.0006545 0.0008125 0.0006770 0.0007109 0.0006874 0.0006435 0.0007936 0.0006093 0.0006138 0.0008678 0.0007162 0.0007447 0.0006812 0.0007109 0.0007109 0.0008464 0.0008128 0.0007965 0.0008833 0.0007786 0.0006195 0.0007590 0.0007893 0.0007978 0.0007786 0.0008125 0.0008125 0.0008125 0.0007844 0.0008464 0.0009181 0.0007960 0.0009283 0.0008282 0.0009300 
USA/MI-MDHHS-SC22153/2020  0.0005753 0.0006092 0.0007326 0.0007157 0.0007138 0.0008123 0.0007184 0.0007452 0.0006431 0.0007608 0.0008362 0.0007446 0.0007108 0.0007785 0.0008801 0.0001051 0.0000010 0.0000677 0.0000677 0.0000000 0.0000010 0.0002040 0.0000677 0.0005754 0.0008123 0.0008801 0.0007448 0.0007448 0.0008464 0.0008527 0.0008125 0.0007787 0.0008186 0.0007474 0.0007787 0.0008196 0.0008468 0.0007608 0.0007863 0.0008545 0.0007970 0.0007449 0.0007450 0.0009516 0.0009480 0.0008464 0.0007503 0.0007572 0.0008214 0.0007814 0.0008186 0.0009147 0.0008063 0.0007815 0.0007794 0.0007791 0.0007446 0.0006769 0.0008462 0.0007785 0.0007326 0.0007829 0.0007108 0.0007446 0.0007110 0.0008124 0.0006770 0.0008124 0.0009854 0.0007927 0.0007128 0.0007448 0.0007109 0.0007801 0.0007455 0.0007503 0.0008125 0.0007605 0.0007490 0.0007787 0.0007787 0.0008237 0.0008125 0.0006520 0.0006480 0.0009174 0.0007845 0.0007448 0.0007794 0.0008487 0.0008494 0.0007446 0.0007785 0.0007786 0.0008180 0.0006821 0.0006480 0.0006438 0.0006535 0.0007455 0.0008488 0.0005149 0.0005416 0.0006127 0.0006111 0.0006093 0.0006248 0.0005076 0.0005423 0.0006226 0.0001354 0.0001019 0.0001016 0.0001015 0.0001706 0.0002031 0.0001705 0.0007126 0.0007111 0.0007481 0.0009140 0.0007235 0.0007252 0.0007448 0.0008286 0.0008124 0.0010156 0.0009762 0.0009140 0.0006805 0.0000680 0.0009541 0.0009142 0.0009266 0.0009684 0.0009223 0.0005522 0.0008679 0.0009894 0.0009144 0.0008125 0.0008605 0.0009238 0.0009558 0.0008470 0.0008999 0.0009571 0.0006883 0.0009248 0.0006474 0.0006694 0.0006821 0.0006821 0.0007162 0.0007787 0.0006889 0.0008464 0.0007109 0.0007448 0.0007218 0.0006774 0.0008282 0.0006432 0.0006480 0.0009026 0.0007503 0.0007787 0.0007153 0.0007448 0.0007448 0.0008803 0.0008468 0.0008312 0.0009174 0.0008125 0.0006540 0.0007936 0.0008237 0.0008326 0.0008125 0.0008464 0.0008464 0.0008464 0.0008186 0.0008803 0.0009522 0.0008307 0.0009628 0.0008627 0.0009646 
